"sample_size";"average_SD_0.92";"average_SD_1.11";"average_SD_1.32";"average_SD_1.63";"average_SD_1.84";"standard_deviation_SD_0.92";"standard_deviation_SD_1.11";"standard_deviation_SD_1.32";"standard_deviation_SD_1.63";"standard_deviation_SD_1.84"
"1";5;0,865;1,044;1,241;1,531;1,729;0,314;0,379;0,451;0,556;0,627
"2";10;0,895;1,08;1,284;1,586;1,79;0,214;0,258;0,307;0,378;0,428
"3";15;0,904;1,09;1,297;1,601;1,807;0,172;0,208;0,247;0,305;0,345
"4";20;0,908;1,095;1,303;1,609;1,816;0,148;0,179;0,212;0,263;0,296
"5";25;0,91;1,098;1,306;1,613;1,821;0,132;0,159;0,19;0,234;0,264
"6";30;0,912;1,101;1,309;1,616;1,824;0,12;0,145;0,173;0,213;0,241
"7";35;0,913;1,102;1,31;1,618;1,826;0,111;0,134;0,159;0,197;0,222
"8";40;0,914;1,103;1,312;1,619;1,829;0,104;0,125;0,149;0,184;0,208
"9";45;0,915;1,104;1,312;1,621;1,83;0,098;0,118;0,14;0,173;0,195
"10";50;0,915;1,104;1,313;1,622;1,831;0,093;0,112;0,133;0,164;0,185
"11";55;0,916;1,105;1,314;1,622;1,831;0,088;0,107;0,127;0,157;0,177
"12";60;0,916;1,105;1,314;1,623;1,832;0,084;0,102;0,121;0,15;0,169
"13";65;0,916;1,106;1,315;1,623;1,833;0,081;0,098;0,116;0,144;0,162
"14";70;0,917;1,106;1,315;1,624;1,833;0,078;0,094;0,112;0,138;0,156
"15";75;0,917;1,106;1,316;1,624;1,834;0,076;0,091;0,108;0,134;0,151
"16";80;0,917;1,106;1,316;1,625;1,834;0,073;0,088;0,105;0,13;0,146
"17";85;0,917;1,107;1,316;1,625;1,834;0,071;0,086;0,102;0,126;0,142
