"V1";"V2";"V3";"V4"
"1";0,108833;0,127333;0,145174;0,161489
"2";0,254252;0,174685;0,127656;0,104793
"3";0,358612;0,207727;0,119481;0,079504
"4";0,429039;0,229684;0,114939;0,065013
"5";0,248581;0,229434;0,21122;0,199732
"6";0,484924;0,328581;0,22121;0,161026
"7";0,609277;0,388802;0,226159;0,140607
"8";0,680267;0,428461;0,229764;0,127483
"9";0,402534;0,331944;0,278043;0,243625
"10";0,667981;0,472342;0,315519;0,22256
"11";0,77794;0,549161;0,3363;0,20842
"12";0,832033;0,595355;0,350705;0,198029
"13";0,545509;0,428351;0,343123;0,288627
"14";0,796825;0,594951;0,405493;0,283522
"15";0,879316;0,67689;0,441106;0,278959
"16";0,914901;0,724827;0,46379;0,27538
