"V1";"V2";"V3";"V4"
"1";0,201662;0,121126;0,09561;0,085751
"2";0,238408;0,172761;0,123061;0,097293
"3";0,247937;0,202404;0,151851;0,118568
"4";0,252091;0,217989;0,173044;0,137884
"5";0,407425;0,217813;0,135101;0,100569
"6";0,475063;0,32808;0,218235;0,155601
"7";0,498651;0,384809;0,275704;0,201748
"8";0,510788;0,419025;0,318299;0,241455
"9";0,582567;0,320875;0,189774;0,132208
"10";0,662222;0,472087;0,313178;0,217984
"11";0,691374;0,546159;0,395941;0,286873
"12";0,706447;0,588525;0,454706;0,341659
"13";0,715887;0,418573;0,246468;0,165805
"14";0,793456;0,594832;0,403585;0,279771
"15";0,819875;0,67508;0,504491;0,369202
"16";0,833033;0,720477;0,572059;0,438094
